444444
444444
344444
444444
408812
444444
444444
344444
444444
555555
444444
444444
344444
444444
408812
444444
444444
344444
444444
555555
444444
444444
344444
444444
408812
444444
444444
344444
444444
555555
444444
444444
344444
444444
408812
444444
444444
344444
444444
555555
444444
444444
344444
444444
408812
444444
444444
344444
444444
555555
444444
444444
344444
444444
408812
333475
444444
344444
444444
555555
444444
444444
344444
444444
408812
444444
444444
344444
444444
555555
444444
444444
344444
444444
408812
444444
444444
344444
444444
111111
200817
444444
344444
444444
003216
444444
444444
537881
444444
555555
444444
444444
344444
444444
408812
444444
444444
344444
444444
555555
